experiment_info;actualrun;nruns;grassname_habmat;PLAND;CONFIG;HABQUAL;species_profile;include_quality;start_popsize;timesteps;indiv;homerangesize;movdistpix;dispfactor;isdispersing;isfemale;islive;totaldistance;effectivedistance;actual_movementcost;timestep_waslive;number_of_meetings;LOCI_start;LOCI_end
2016-02-23 15:15:06.346000;1;1;simulation_000002_p050_h059_HABMAT;050;059;30.0;Core dependent;HabitatQuality_NO;50;100;1;10;2.0;3.0;0;0;1;160.070117058;13.5534630927;165.519235328;100;0;[[0, 1, 1, 1, 1], [1, 0, 0, 1, 0], [1, 0, 0, 0, 0], [1, 1, 0], [1, 1], [0, 1, 1, 0, 0, 0]];[[0, 1, 1, 1, 1], [1, 0, 0, 1, 0], [1, 0, 0, 0, 0], [1, 1, 0], [1, 1], [0, 1, 1, 0, 0, 0]]
2016-02-23 15:15:06.346000;1;1;simulation_000002_p050_h059_HABMAT;050;059;30.0;Core dependent;HabitatQuality_NO;50;100;2;10;2.0;3.0;0;1;1;153.643724454;16.0633210991;139.566198725;100;0;[[1, 0, 1, 1, 0], [0, 0, 0, 0, 1], [1, 1, 0, 0, 1], [0, 1, 0], [0, 1], [1, 1, 1, 1, 1, 1]];[[1, 0, 1, 1, 0], [0, 0, 0, 0, 1], [1, 1, 0, 0, 1], [0, 1, 0], [0, 1], [1, 1, 1, 1, 1, 1]]
2016-02-23 15:15:06.346000;1;1;simulation_000002_p050_h059_HABMAT;050;059;30.0;Core dependent;HabitatQuality_NO;50;100;3;10;2.0;3.0;0;1;1;132.800720048;19.4004909425;342.033449663;100;0;[[0, 1, 0, 0, 0], [1, 0, 1, 0, 0], [0, 0, 0, 1, 1], [0, 1, 1], [1, 1], [0, 1, 0, 0, 0, 0]];[[0, 1, 0, 0, 0], [1, 0, 1, 0, 0], [0, 0, 0, 1, 1], [0, 1, 1], [1, 1], [0, 1, 0, 0, 0, 0]]
2016-02-23 15:15:06.346000;1;1;simulation_000002_p050_h059_HABMAT;050;059;30.0;Core dependent;HabitatQuality_NO;50;100;4;10;2.0;3.0;0;1;1;144.55419012;2.24075508227;160.084294979;100;0;[[0, 0, 1, 0, 1], [1, 0, 1, 0, 0], [0, 1, 0, 1, 1], [1, 0, 0], [1, 0], [1, 1, 1, 1, 0, 1]];[[0, 0, 1, 0, 1], [1, 0, 1, 0, 0], [0, 1, 0, 1, 1], [1, 0, 0], [1, 0], [1, 1, 1, 1, 0, 1]]
2016-02-23 15:15:06.346000;1;1;simulation_000002_p050_h059_HABMAT;050;059;30.0;Core dependent;HabitatQuality_NO;50;100;5;10;2.0;3.0;0;1;1;0.0;0.0;540.540540541;100;0;[[0, 0, 1, 0, 0], [1, 1, 0, 1, 1], [0, 0, 0, 0, 1], [1, 1, 0], [1, 1], [0, 0, 0, 0, 0, 0]];[[0, 0, 1, 0, 0], [1, 1, 0, 1, 1], [0, 0, 0, 0, 1], [1, 1, 0], [1, 1], [0, 0, 0, 0, 0, 0]]
2016-02-23 15:15:06.346000;1;1;simulation_000002_p050_h059_HABMAT;050;059;30.0;Core dependent;HabitatQuality_NO;50;100;6;10;2.0;3.0;0;0;1;154.127399298;16.1397841342;191.504402743;100;0;[[0, 1, 1, 1, 0], [0, 1, 1, 1, 0], [1, 0, 1, 0, 0], [0, 0, 0], [1, 1], [1, 1, 1, 0, 1, 0]];[[0, 1, 1, 1, 0], [0, 1, 1, 1, 0], [1, 0, 1, 0, 0], [0, 0, 0], [1, 1], [1, 1, 1, 0, 1, 0]]
2016-02-23 15:15:06.346000;1;1;simulation_000002_p050_h059_HABMAT;050;059;30.0;Core dependent;HabitatQuality_NO;50;100;7;10;2.0;3.0;0;0;1;143.371746607;9.27914587281;226.336516489;100;0;[[1, 1, 0, 0, 0], [1, 1, 1, 1, 1], [0, 0, 0, 0, 1], [1, 0, 0], [1, 1], [0, 0, 0, 1, 1, 0]];[[1, 1, 0, 0, 0], [1, 1, 1, 1, 1], [0, 0, 0, 0, 1], [1, 0, 0], [1, 1], [0, 0, 0, 1, 1, 0]]
2016-02-23 15:15:06.346000;1;1;simulation_000002_p050_h059_HABMAT;050;059;30.0;Core dependent;HabitatQuality_NO;50;100;8;10;2.0;3.0;0;0;1;126.821208938;14.6441644132;248.377162356;100;0;[[1, 0, 1, 1, 0], [0, 0, 1, 1, 0], [1, 1, 1, 1, 0], [0, 0, 1], [1, 0], [1, 1, 0, 0, 0, 0]];[[1, 0, 1, 1, 0], [0, 0, 1, 1, 0], [1, 1, 1, 1, 0], [0, 0, 1], [1, 0], [1, 1, 0, 0, 0, 0]]
2016-02-23 15:15:06.346000;1;1;simulation_000002_p050_h059_HABMAT;050;059;30.0;Core dependent;HabitatQuality_NO;50;100;9;10;2.0;3.0;0;0;1;160.49092048;10.5141268731;178.596839718;100;0;[[0, 1, 0, 1, 1], [0, 0, 0, 0, 0], [0, 0, 1, 1, 0], [0, 0, 0], [1, 1], [1, 1, 1, 0, 1, 1]];[[0, 1, 0, 1, 1], [0, 0, 0, 0, 0], [0, 0, 1, 1, 0], [0, 0, 0], [1, 1], [1, 1, 1, 0, 1, 1]]
2016-02-23 15:15:06.346000;1;1;simulation_000002_p050_h059_HABMAT;050;059;30.0;Core dependent;HabitatQuality_NO;50;100;10;10;2.0;3.0;0;1;1;145.728590536;4.97884247263;184.111883593;100;0;[[1, 1, 0, 1, 0], [1, 1, 1, 1, 1], [0, 1, 0, 0, 1], [1, 1, 1], [1, 1], [0, 1, 1, 1, 0, 1]];[[1, 1, 0, 1, 0], [1, 1, 1, 1, 1], [0, 1, 0, 0, 1], [1, 1, 1], [1, 1], [0, 1, 1, 1, 0, 1]]
2016-02-23 15:15:06.346000;1;1;simulation_000002_p050_h059_HABMAT;050;059;30.0;Core dependent;HabitatQuality_NO;50;100;11;10;2.0;3.0;0;0;1;103.407011662;4.84074913441;291.913803145;100;0;[[0, 0, 1, 0, 0], [0, 1, 0, 0, 1], [1, 0, 0, 1, 1], [1, 1, 1], [0, 1], [0, 0, 1, 0, 0, 0]];[[0, 0, 1, 0, 0], [0, 1, 0, 0, 1], [1, 0, 0, 1, 1], [1, 1, 1], [0, 1], [0, 0, 1, 0, 0, 0]]
2016-02-23 15:15:06.346000;1;1;simulation_000002_p050_h059_HABMAT;050;059;30.0;Core dependent;HabitatQuality_NO;50;100;12;10;2.0;3.0;0;0;1;133.262050379;1.08259920094;211.513104252;100;0;[[0, 1, 0, 0, 1], [1, 1, 1, 0, 0], [1, 1, 1, 1, 1], [0, 0, 0], [0, 0], [0, 0, 1, 0, 0, 1]];[[0, 1, 0, 0, 1], [1, 1, 1, 0, 0], [1, 1, 1, 1, 1], [0, 0, 0], [0, 0], [0, 0, 1, 0, 0, 1]]
2016-02-23 15:15:06.346000;1;1;simulation_000002_p050_h059_HABMAT;050;059;30.0;Core dependent;HabitatQuality_NO;50;100;13;10;2.0;3.0;0;1;1;0.0;0.0;540.540540541;100;0;[[0, 1, 1, 1, 1], [1, 1, 0, 1, 0], [1, 1, 1, 0, 0], [0, 1, 1], [1, 0], [1, 1, 0, 0, 0, 1]];[[0, 1, 1, 1, 1], [1, 1, 0, 1, 0], [1, 1, 1, 0, 0], [0, 1, 1], [1, 0], [1, 1, 0, 0, 0, 1]]
2016-02-23 15:15:06.346000;1;1;simulation_000002_p050_h059_HABMAT;050;059;30.0;Core dependent;HabitatQuality_NO;50;100;14;10;2.0;3.0;0;1;1;155.739488237;18.7079167072;139.580083577;100;0;[[1, 0, 0, 1, 1], [0, 1, 0, 0, 0], [1, 0, 1, 0, 0], [0, 0, 1], [1, 1], [0, 0, 1, 0, 1, 1]];[[1, 0, 0, 1, 1], [0, 1, 0, 0, 0], [1, 0, 1, 0, 0], [0, 0, 1], [1, 1], [0, 0, 1, 0, 1, 1]]
2016-02-23 15:15:06.346000;1;1;simulation_000002_p050_h059_HABMAT;050;059;30.0;Core dependent;HabitatQuality_NO;50;100;15;10;2.0;3.0;0;0;1;123.605395517;505.749671089;3104.64874723;100;0;[[0, 0, 0, 1, 0], [0, 0, 0, 1, 0], [0, 1, 0, 1, 0], [0, 0, 0], [0, 1], [0, 0, 0, 1, 1, 1]];[[0, 0, 0, 1, 0], [0, 0, 0, 1, 0], [0, 1, 0, 1, 0], [0, 0, 0], [0, 1], [0, 0, 0, 1, 1, 1]]
2016-02-23 15:15:06.346000;1;1;simulation_000002_p050_h059_HABMAT;050;059;30.0;Core dependent;HabitatQuality_NO;50;100;16;10;2.0;3.0;0;1;1;160.793771858;26.6450852216;181.741995122;100;0;[[0, 1, 0, 1, 1], [0, 0, 1, 1, 0], [1, 0, 0, 1, 0], [0, 0, 0], [0, 1], [1, 0, 1, 0, 0, 0]];[[0, 1, 0, 1, 1], [0, 0, 1, 1, 0], [1, 0, 0, 1, 0], [0, 0, 0], [0, 1], [1, 0, 1, 0, 0, 0]]
2016-02-23 15:15:06.346000;1;1;simulation_000002_p050_h059_HABMAT;050;059;30.0;Core dependent;HabitatQuality_NO;50;100;17;10;2.0;3.0;0;0;1;144.939459728;5.58738347385;161.52915539;100;0;[[0, 1, 0, 0, 0], [0, 1, 0, 1, 1], [1, 0, 1, 1, 1], [1, 0, 1], [1, 0], [1, 0, 1, 1, 1, 1]];[[0, 1, 0, 0, 0], [0, 1, 0, 1, 1], [1, 0, 1, 1, 1], [1, 0, 1], [1, 0], [1, 0, 1, 1, 1, 1]]
2016-02-23 15:15:06.346000;1;1;simulation_000002_p050_h059_HABMAT;050;059;30.0;Core dependent;HabitatQuality_NO;50;100;18;10;2.0;3.0;0;1;1;128.515168625;27.1480216577;288.639248823;100;0;[[1, 0, 0, 1, 1], [1, 0, 0, 0, 1], [0, 1, 0, 0, 1], [0, 0, 1], [0, 0], [1, 1, 0, 1, 0, 1]];[[1, 0, 0, 1, 1], [1, 0, 0, 0, 1], [0, 1, 0, 0, 1], [0, 0, 1], [0, 0], [1, 1, 0, 1, 0, 1]]
2016-02-23 15:15:06.346000;1;1;simulation_000002_p050_h059_HABMAT;050;059;30.0;Core dependent;HabitatQuality_NO;50;100;19;10;2.0;3.0;0;0;1;134.945661946;15.7576214939;198.214851845;100;0;[[1, 0, 0, 1, 0], [1, 0, 1, 0, 1], [1, 0, 1, 0, 1], [1, 0, 1], [1, 1], [0, 0, 1, 0, 0, 1]];[[1, 0, 0, 1, 0], [1, 0, 1, 0, 1], [1, 0, 1, 0, 1], [1, 0, 1], [1, 1], [0, 0, 1, 0, 0, 1]]
2016-02-23 15:15:06.346000;1;1;simulation_000002_p050_h059_HABMAT;050;059;30.0;Core dependent;HabitatQuality_NO;50;100;20;10;2.0;3.0;0;0;1;157.375309475;10.5738412638;1064.03581343;100;0;[[1, 1, 1, 1, 0], [1, 0, 0, 1, 0], [0, 0, 0, 1, 1], [0, 0, 0], [0, 1], [1, 0, 1, 1, 0, 0]];[[1, 1, 1, 1, 0], [1, 0, 0, 1, 0], [0, 0, 0, 1, 1], [0, 0, 0], [0, 1], [1, 0, 1, 1, 0, 0]]
2016-02-23 15:15:06.346000;1;1;simulation_000002_p050_h059_HABMAT;050;059;30.0;Core dependent;HabitatQuality_NO;50;100;21;10;2.0;3.0;0;0;1;158.264201607;8.60849462681;166.349579715;100;0;[[0, 0, 0, 0, 0], [1, 1, 1, 0, 0], [0, 1, 0, 0, 1], [0, 0, 0], [1, 0], [0, 1, 1, 1, 0, 0]];[[0, 0, 0, 0, 0], [1, 1, 1, 0, 0], [0, 1, 0, 0, 1], [0, 0, 0], [1, 0], [0, 1, 1, 1, 0, 0]]
2016-02-23 15:15:06.346000;1;1;simulation_000002_p050_h059_HABMAT;050;059;30.0;Core dependent;HabitatQuality_NO;50;100;22;10;2.0;3.0;0;0;1;157.669493575;7.73600833099;182.188661478;100;0;[[1, 0, 0, 1, 0], [0, 0, 1, 0, 0], [0, 0, 1, 0, 0], [0, 0, 0], [0, 1], [0, 0, 1, 0, 1, 0]];[[1, 0, 0, 1, 0], [0, 0, 1, 0, 0], [0, 0, 1, 0, 0], [0, 0, 0], [0, 1], [0, 0, 1, 0, 1, 0]]
2016-02-23 15:15:06.346000;1;1;simulation_000002_p050_h059_HABMAT;050;059;30.0;Core dependent;HabitatQuality_NO;50;100;23;10;2.0;3.0;0;1;1;124.467285227;4.92405122936;392.156862745;100;0;[[1, 1, 0, 0, 1], [1, 1, 0, 1, 0], [1, 1, 1, 0, 1], [1, 1, 1], [0, 1], [1, 1, 1, 0, 1, 1]];[[1, 1, 0, 0, 1], [1, 1, 0, 1, 0], [1, 1, 1, 0, 1], [1, 1, 1], [0, 1], [1, 1, 1, 0, 1, 1]]
2016-02-23 15:15:06.346000;1;1;simulation_000002_p050_h059_HABMAT;050;059;30.0;Core dependent;HabitatQuality_NO;50;100;24;10;2.0;3.0;0;1;1;148.733696332;13.1711094767;162.527150285;100;0;[[1, 1, 0, 1, 0], [1, 0, 1, 1, 1], [1, 1, 0, 0, 1], [1, 1, 1], [0, 0], [0, 1, 1, 1, 0, 1]];[[1, 1, 0, 1, 0], [1, 0, 1, 1, 1], [1, 1, 0, 0, 1], [1, 1, 1], [0, 0], [0, 1, 1, 1, 0, 1]]
2016-02-23 15:15:06.346000;1;1;simulation_000002_p050_h059_HABMAT;050;059;30.0;Core dependent;HabitatQuality_NO;50;100;25;10;2.0;3.0;0;0;1;110.981545033;2.87763196452;300.549019608;100;0;[[1, 1, 1, 0, 0], [1, 0, 0, 1, 0], [0, 0, 0, 0, 0], [1, 1, 0], [0, 1], [0, 1, 0, 0, 0, 0]];[[1, 1, 1, 0, 0], [1, 0, 0, 1, 0], [0, 0, 0, 0, 0], [1, 1, 0], [0, 1], [0, 1, 0, 0, 0, 0]]
2016-02-23 15:15:06.346000;1;1;simulation_000002_p050_h059_HABMAT;050;059;30.0;Core dependent;HabitatQuality_NO;50;100;26;10;2.0;3.0;0;0;1;131.466522198;7.97346051255;249.081471023;100;0;[[1, 0, 1, 0, 0], [0, 1, 1, 0, 0], [0, 1, 0, 1, 0], [1, 0, 0], [1, 0], [1, 1, 1, 1, 0, 0]];[[1, 0, 1, 0, 0], [0, 1, 1, 0, 0], [0, 1, 0, 1, 0], [1, 0, 0], [1, 0], [1, 1, 1, 1, 0, 0]]
2016-02-23 15:15:06.346000;1;1;simulation_000002_p050_h059_HABMAT;050;059;30.0;Core dependent;HabitatQuality_NO;50;100;27;10;2.0;3.0;0;1;1;137.734541459;5.65695078847;157.510996098;100;0;[[0, 0, 0, 0, 1], [0, 0, 0, 1, 1], [0, 0, 1, 1, 1], [0, 0, 1], [1, 0], [0, 1, 1, 0, 1, 0]];[[0, 0, 0, 0, 1], [0, 0, 0, 1, 1], [0, 0, 1, 1, 1], [0, 0, 1], [1, 0], [0, 1, 1, 0, 1, 0]]
2016-02-23 15:15:06.346000;1;1;simulation_000002_p050_h059_HABMAT;050;059;30.0;Core dependent;HabitatQuality_NO;50;100;28;10;2.0;3.0;0;0;1;151.885422124;2.62876874221;171.701567007;100;0;[[1, 1, 1, 0, 0], [0, 0, 1, 1, 1], [1, 0, 1, 1, 1], [0, 0, 0], [1, 0], [1, 0, 1, 0, 0, 0]];[[1, 1, 1, 0, 0], [0, 0, 1, 1, 1], [1, 0, 1, 1, 1], [0, 0, 0], [1, 0], [1, 0, 1, 0, 0, 0]]
2016-02-23 15:15:06.346000;1;1;simulation_000002_p050_h059_HABMAT;050;059;30.0;Core dependent;HabitatQuality_NO;50;100;29;10;2.0;3.0;0;0;1;114.586300525;7.39030594191;217.004853427;100;0;[[1, 0, 1, 1, 0], [0, 0, 0, 0, 0], [0, 1, 0, 1, 1], [1, 0, 1], [0, 0], [0, 0, 1, 0, 1, 0]];[[1, 0, 1, 1, 0], [0, 0, 0, 0, 0], [0, 1, 0, 1, 1], [1, 0, 1], [0, 0], [0, 0, 1, 0, 1, 0]]
2016-02-23 15:15:06.346000;1;1;simulation_000002_p050_h059_HABMAT;050;059;30.0;Core dependent;HabitatQuality_NO;50;100;30;10;2.0;3.0;0;1;1;163.901308152;1.41260345309;647.987514447;100;0;[[1, 1, 0, 0, 1], [0, 1, 0, 0, 1], [1, 0, 0, 1, 0], [1, 0, 0], [0, 0], [0, 0, 0, 0, 1, 0]];[[1, 1, 0, 0, 1], [0, 1, 0, 0, 1], [1, 0, 0, 1, 0], [1, 0, 0], [0, 0], [0, 0, 0, 0, 1, 0]]
2016-02-23 15:15:06.346000;1;1;simulation_000002_p050_h059_HABMAT;050;059;30.0;Core dependent;HabitatQuality_NO;50;100;31;10;2.0;3.0;0;0;1;145.319610317;9.97185645731;216.128955925;100;0;[[0, 1, 0, 1, 0], [0, 1, 1, 1, 1], [0, 0, 0, 0, 0], [0, 0, 1], [0, 1], [0, 1, 1, 1, 0, 0]];[[0, 1, 0, 1, 0], [0, 1, 1, 1, 1], [0, 0, 0, 0, 0], [0, 0, 1], [0, 1], [0, 1, 1, 1, 0, 0]]
2016-02-23 15:15:06.346000;1;1;simulation_000002_p050_h059_HABMAT;050;059;30.0;Core dependent;HabitatQuality_NO;50;100;32;10;2.0;3.0;0;0;1;0.0;0.0;540.540540541;100;0;[[0, 1, 1, 1, 1], [1, 1, 0, 1, 0], [0, 1, 0, 0, 0], [0, 1, 0], [1, 0], [1, 0, 1, 0, 0, 0]];[[0, 1, 1, 1, 1], [1, 1, 0, 1, 0], [0, 1, 0, 0, 0], [0, 1, 0], [1, 0], [1, 0, 1, 0, 0, 0]]
2016-02-23 15:15:06.346000;1;1;simulation_000002_p050_h059_HABMAT;050;059;30.0;Core dependent;HabitatQuality_NO;50;100;33;10;2.0;3.0;0;1;1;148.769972443;9.09518188144;177.413258404;100;0;[[1, 1, 0, 1, 0], [1, 0, 0, 1, 1], [1, 1, 1, 0, 1], [1, 1, 0], [0, 0], [0, 1, 1, 1, 1, 1]];[[1, 1, 0, 1, 0], [1, 0, 0, 1, 1], [1, 1, 1, 0, 1], [1, 1, 0], [0, 0], [0, 1, 1, 1, 1, 1]]
2016-02-23 15:15:06.346000;1;1;simulation_000002_p050_h059_HABMAT;050;059;30.0;Core dependent;HabitatQuality_NO;50;100;34;10;2.0;3.0;0;0;1;157.520219353;17.3396395909;173.563485861;100;0;[[0, 1, 0, 0, 0], [1, 0, 0, 0, 0], [1, 0, 0, 0, 0], [1, 0, 1], [1, 0], [1, 0, 0, 1, 1, 0]];[[0, 1, 0, 0, 0], [1, 0, 0, 0, 0], [1, 0, 0, 0, 0], [1, 0, 1], [1, 0], [1, 0, 0, 1, 1, 0]]
2016-02-23 15:15:06.346000;1;1;simulation_000002_p050_h059_HABMAT;050;059;30.0;Core dependent;HabitatQuality_NO;50;100;35;10;2.0;3.0;0;1;1;109.513935037;11.4234145222;325.875993641;100;0;[[1, 0, 0, 1, 0], [0, 0, 0, 1, 0], [0, 0, 1, 0, 0], [1, 1, 1], [1, 0], [1, 1, 1, 0, 1, 1]];[[1, 0, 0, 1, 0], [0, 0, 0, 1, 0], [0, 0, 1, 0, 0], [1, 1, 1], [1, 0], [1, 1, 1, 0, 1, 1]]
2016-02-23 15:15:06.346000;1;1;simulation_000002_p050_h059_HABMAT;050;059;30.0;Core dependent;HabitatQuality_NO;50;100;36;10;2.0;3.0;0;0;1;117.304923566;1.86633996308;211.513104252;100;0;[[1, 1, 1, 1, 1], [1, 1, 0, 0, 0], [0, 0, 0, 1, 0], [0, 1, 1], [0, 0], [0, 1, 0, 0, 0, 1]];[[1, 1, 1, 1, 1], [1, 1, 0, 0, 0], [0, 0, 0, 1, 0], [0, 1, 1], [0, 0], [0, 1, 0, 0, 0, 1]]
2016-02-23 15:15:06.346000;1;1;simulation_000002_p050_h059_HABMAT;050;059;30.0;Core dependent;HabitatQuality_NO;50;100;37;10;2.0;3.0;0;1;1;157.238804498;5.39657159309;194.649558147;100;0;[[1, 0, 1, 0, 0], [1, 1, 0, 0, 0], [0, 1, 1, 0, 1], [1, 0, 0], [1, 0], [0, 1, 1, 0, 0, 1]];[[1, 0, 1, 0, 0], [1, 1, 0, 0, 0], [0, 1, 1, 0, 1], [1, 0, 0], [1, 0], [0, 1, 1, 0, 0, 1]]
2016-02-23 15:15:06.346000;1;1;simulation_000002_p050_h059_HABMAT;050;059;30.0;Core dependent;HabitatQuality_NO;50;100;38;10;2.0;3.0;0;1;1;156.797540563;7.42878998397;176.273734316;100;0;[[0, 1, 1, 1, 1], [0, 0, 1, 1, 0], [1, 0, 0, 0, 0], [0, 1, 1], [1, 0], [1, 0, 1, 0, 0, 0]];[[0, 1, 1, 1, 1], [0, 0, 1, 1, 0], [1, 0, 0, 0, 0], [0, 1, 1], [1, 0], [1, 0, 1, 0, 0, 0]]
2016-02-23 15:15:06.346000;1;1;simulation_000002_p050_h059_HABMAT;050;059;30.0;Core dependent;HabitatQuality_NO;50;100;39;10;2.0;3.0;0;0;1;146.57059235;28.7776305819;151.280930928;100;0;[[0, 1, 1, 0, 1], [1, 1, 1, 0, 1], [1, 0, 1, 0, 0], [1, 1, 0], [0, 1], [0, 1, 1, 1, 0, 1]];[[0, 1, 1, 0, 1], [1, 1, 1, 0, 1], [1, 0, 1, 0, 0], [1, 1, 0], [0, 1], [0, 1, 1, 1, 0, 1]]
2016-02-23 15:15:06.346000;1;1;simulation_000002_p050_h059_HABMAT;050;059;30.0;Core dependent;HabitatQuality_NO;50;100;40;10;2.0;3.0;0;0;1;91.3083395559;5.77900838823;392.156862745;100;0;[[1, 0, 1, 1, 1], [0, 1, 0, 1, 0], [0, 1, 0, 0, 0], [0, 0, 1], [0, 1], [0, 1, 0, 0, 1, 0]];[[1, 0, 1, 1, 1], [0, 1, 0, 1, 0], [0, 1, 0, 0, 0], [0, 0, 1], [0, 1], [0, 1, 0, 0, 1, 0]]
2016-02-23 15:15:06.346000;1;1;simulation_000002_p050_h059_HABMAT;050;059;30.0;Core dependent;HabitatQuality_NO;50;100;41;10;2.0;3.0;0;0;1;148.132248341;3.76811797713;178.578824997;100;0;[[0, 1, 0, 1, 1], [0, 1, 0, 1, 1], [1, 0, 0, 0, 1], [0, 1, 0], [0, 0], [0, 1, 1, 0, 1, 1]];[[0, 1, 0, 1, 1], [0, 1, 0, 1, 1], [1, 0, 0, 0, 1], [0, 1, 0], [0, 0], [0, 1, 1, 0, 1, 1]]
2016-02-23 15:15:06.346000;1;1;simulation_000002_p050_h059_HABMAT;050;059;30.0;Core dependent;HabitatQuality_NO;50;100;42;10;2.0;3.0;0;1;1;135.598977269;11.9226341737;191.577606672;100;0;[[1, 0, 1, 1, 1], [1, 0, 1, 0, 0], [0, 1, 1, 1, 1], [0, 1, 0], [0, 0], [1, 0, 1, 0, 1, 0]];[[1, 0, 1, 1, 1], [1, 0, 1, 0, 0], [0, 1, 1, 1, 1], [0, 1, 0], [0, 0], [1, 0, 1, 0, 1, 0]]
2016-02-23 15:15:06.346000;1;1;simulation_000002_p050_h059_HABMAT;050;059;30.0;Core dependent;HabitatQuality_NO;50;100;43;10;2.0;3.0;0;0;1;155.149549359;5.66407246043;157.847021987;100;0;[[0, 0, 1, 1, 0], [1, 1, 1, 1, 1], [1, 1, 1, 0, 1], [1, 1, 0], [0, 0], [1, 1, 0, 1, 1, 1]];[[0, 0, 1, 1, 0], [1, 1, 1, 1, 1], [1, 1, 1, 0, 1], [1, 1, 0], [0, 0], [1, 1, 0, 1, 1, 1]]
2016-02-23 15:15:06.346000;1;1;simulation_000002_p050_h059_HABMAT;050;059;30.0;Core dependent;HabitatQuality_NO;50;100;44;10;2.0;3.0;0;1;1;138.290364135;4.27257088125;203.038529328;100;0;[[0, 1, 1, 0, 1], [1, 0, 1, 0, 0], [0, 0, 0, 0, 1], [0, 0, 1], [0, 0], [1, 1, 0, 0, 0, 1]];[[0, 1, 1, 0, 1], [1, 0, 1, 0, 0], [0, 0, 0, 0, 1], [0, 0, 1], [0, 0], [1, 1, 0, 0, 0, 1]]
2016-02-23 15:15:06.346000;1;1;simulation_000002_p050_h059_HABMAT;050;059;30.0;Core dependent;HabitatQuality_NO;50;100;45;10;2.0;3.0;0;0;1;152.747347885;9.07435132035;166.165919519;100;0;[[0, 0, 0, 0, 1], [0, 1, 1, 1, 1], [0, 0, 0, 1, 0], [0, 1, 1], [1, 1], [0, 1, 0, 1, 1, 0]];[[0, 0, 0, 0, 1], [0, 1, 1, 1, 1], [0, 0, 0, 1, 0], [0, 1, 1], [1, 1], [0, 1, 0, 1, 1, 0]]
2016-02-23 15:15:06.346000;1;1;simulation_000002_p050_h059_HABMAT;050;059;30.0;Core dependent;HabitatQuality_NO;50;100;46;10;2.0;3.0;0;0;1;138.181509848;6.21521617376;246.113476934;100;0;[[1, 1, 1, 1, 1], [0, 0, 1, 0, 1], [1, 0, 1, 1, 1], [0, 1, 1], [0, 1], [0, 1, 1, 0, 0, 0]];[[1, 1, 1, 1, 1], [0, 0, 1, 0, 1], [1, 0, 1, 1, 1], [0, 1, 1], [0, 1], [0, 1, 1, 0, 0, 0]]
2016-02-23 15:15:06.346000;1;1;simulation_000002_p050_h059_HABMAT;050;059;30.0;Core dependent;HabitatQuality_NO;50;100;47;10;2.0;3.0;0;1;1;163.773809905;15.3006509232;140.855081102;100;0;[[1, 1, 0, 0, 1], [1, 1, 0, 0, 1], [0, 1, 0, 1, 1], [1, 1, 0], [1, 1], [1, 0, 1, 1, 1, 1]];[[1, 1, 0, 0, 1], [1, 1, 0, 0, 1], [0, 1, 0, 1, 1], [1, 1, 0], [1, 1], [1, 0, 1, 1, 1, 1]]
2016-02-23 15:15:06.346000;1;1;simulation_000002_p050_h059_HABMAT;050;059;30.0;Core dependent;HabitatQuality_NO;50;100;48;10;2.0;3.0;0;0;1;130.099515052;2.73085392813;237.90953213;100;0;[[1, 0, 0, 1, 1], [0, 0, 0, 0, 1], [0, 0, 0, 1, 1], [1, 0, 0], [0, 1], [1, 1, 1, 1, 1, 1]];[[1, 0, 0, 1, 1], [0, 0, 0, 0, 1], [0, 0, 0, 1, 1], [1, 0, 0], [0, 1], [1, 1, 1, 1, 1, 1]]
2016-02-23 15:15:06.346000;1;1;simulation_000002_p050_h059_HABMAT;050;059;30.0;Core dependent;HabitatQuality_NO;50;100;49;10;2.0;3.0;0;1;1;154.706040132;9.40188311629;175.669911966;100;0;[[1, 0, 0, 0, 1], [1, 1, 1, 0, 0], [1, 1, 1, 1, 0], [1, 0, 0], [0, 1], [0, 1, 0, 1, 1, 0]];[[1, 0, 0, 0, 1], [1, 1, 1, 0, 0], [1, 1, 1, 1, 0], [1, 0, 0], [0, 1], [0, 1, 0, 1, 1, 0]]
2016-02-23 15:15:06.346000;1;1;simulation_000002_p050_h059_HABMAT;050;059;30.0;Core dependent;HabitatQuality_NO;50;100;50;10;2.0;3.0;0;0;1;120.591578959;3.04205733784;247.069695205;100;0;[[1, 1, 1, 1, 0], [0, 0, 1, 0, 1], [1, 0, 0, 0, 1], [0, 1, 1], [1, 1], [0, 1, 1, 0, 0, 0]];[[1, 1, 1, 1, 0], [0, 0, 1, 0, 1], [1, 0, 0, 0, 1], [0, 1, 1], [1, 1], [0, 1, 1, 0, 0, 0]]
